



//map1
//define map:
//this is a comment.
//use # to define some varibales
#pathX:0,1,1,3,3,3,6,6,9
#pathY:1,1,4,4,3,1,1,4,4
#colors:0xffff00,0x000000
//the map:10*6
1,1,1,1,1,1,1,1,1,1
0,0,1,0,0,0,0,1,1,1
1,0,1,0,1,1,0,1,1,1
1,0,1,0,1,1,0,0,0,1
1,0,0,0,1,1,0,0,0,0
1,1,1,1,1,1,1,1,1,1
//end the map:10*6
//end map1

//map2
#pathX:0,2,2,5,5,7,7,9,9,11,11,14
#pathY:1,1,6,6,2,2,5,5,3, 3, 1, 1
#colors:0xffff00,0x222222,0x00ff00
//the map:14*8
1,1,1,1,1,2,2,2,2,1,1,1,1,1
0,0,0,1,1,1,2,2,2,1,1,0,0,0
1,1,0,1,1,0,0,0,1,1,1,0,1,1
1,1,0,1,1,0,1,0,1,0,0,0,1,1
1,1,0,2,1,0,2,0,1,0,1,1,1,1
1,1,0,1,2,0,2,0,0,0,1,1,1,1
1,1,0,0,0,0,1,1,1,1,1,1,1,1
1,1,1,1,1,1,1,1,1,1,1,1,1,1
//end map2

//map3
#pathX:0,1,1,4,4,8,8,9,9,12,12,15
#pathY:2,2,6,6,2,2,4,4,7, 7, 1, 1
#colors:0xffff00,0x222222,0x00aa00
//the map:16*10
1,1,1,2,2,2,1,1,1,1,1,1,1,1,1,1
1,1,1,2,1,1,1,1,1,2,2,2,0,0,0,0
0,0,1,1,0,0,0,0,0,1,1,2,0,1,1,1
1,0,1,1,0,1,1,1,0,2,1,1,0,1,1,1
1,0,1,1,0,2,2,2,0,0,1,1,0,1,1,1
1,0,1,1,0,2,1,1,1,0,1,1,0,1,1,1
1,0,0,0,0,1,1,1,1,0,1,1,0,1,1,1
1,1,1,1,1,1,2,1,1,0,0,0,0,2,1,1
2,1,1,1,2,2,2,1,1,1,1,2,2,2,1,1
2,2,2,1,1,1,1,1,1,1,1,1,1,1,1,1
//end map3

//map4
#pathX:0,1,1,5,5,10,10,18
#pathY:2,2,9,9,4, 4,11,11
#colors:0xffff00,0x477385,0x1D3AAF,0x17B575
//the map:19*14
1,1,1,1,1,1,1,1,1,1,1,1,1,1,1,1,1,1,1
1,1,1,1,1,1,1,1,1,1,1,1,1,1,1,1,1,1,1
0,0,1,1,1,1,1,1,1,1,1,1,1,1,1,1,1,1,1
1,0,1,1,1,1,1,1,1,1,1,1,1,1,1,1,1,1,1
1,0,1,1,1,0,0,0,0,0,0,1,1,1,1,1,1,1,1
1,0,1,1,1,0,2,2,2,2,0,1,1,1,1,1,1,1,1
1,0,1,3,1,0,1,2,2,1,0,1,1,1,1,1,1,1,1
1,0,1,3,1,0,1,2,2,1,0,1,1,1,1,1,1,1,1
1,0,1,1,1,0,1,1,1,1,0,1,1,1,1,1,1,1,1
1,0,0,0,0,0,1,1,1,1,0,1,1,1,1,1,1,1,1
1,1,1,1,1,1,1,1,1,1,0,1,1,1,1,1,1,1,1
1,1,1,1,1,1,1,1,1,1,0,0,0,0,0,0,0,0,0
1,1,1,1,1,1,1,1,1,1,1,1,1,1,1,1,1,1,1
//end map4


//map4
#pathX:0,4,4,8,8,13,13,22
#pathY:2,2,9,9,4, 4,11,11
#colors:0xffff00,0x477385,0x1D3AAF,0x17B575,0xaaaaaa
//4 o adfa
//the map:22*14
4,4,4,1,1,1,1,1,1,1,1,1,1,1,1,1,1,1,1,1,1,1
4,4,4,1,1,1,1,1,1,1,1,1,1,1,1,1,1,1,1,1,1,1
0,0,0,0,0,1,1,1,1,1,1,1,1,1,1,1,1,1,1,1,1,1
4,4,4,1,0,1,1,1,1,1,1,1,1,1,1,1,1,1,1,1,1,1
4,4,4,1,0,1,1,1,0,0,0,0,0,0,1,1,1,1,1,1,1,1
4,4,4,1,0,1,1,1,0,2,2,2,2,0,1,1,1,1,1,1,1,1
4,4,4,1,0,1,3,1,0,1,2,2,1,0,1,1,1,1,1,1,1,1
4,4,4,1,0,1,3,1,0,1,2,2,1,0,1,1,1,1,1,1,1,1
4,4,4,1,0,1,1,1,0,1,1,1,1,0,1,1,1,1,1,1,1,1
4,4,4,1,0,0,0,0,0,1,1,1,1,0,1,1,1,1,1,1,1,1
4,4,4,1,1,1,1,1,1,1,1,1,1,0,1,1,1,1,1,1,1,1
4,4,4,1,1,1,1,1,1,1,1,1,1,0,0,0,0,0,0,0,0,0
4,4,4,1,1,1,1,1,1,1,1,1,1,1,1,1,1,1,1,1,1,1
//end map4